1156264561659339961
13257628634122375002
13934494938821135879
13052816488462620590
9349240817613474970
7499793813449851166
17474896375088170989
11244299598425333409
2179207460658035087
3947367097121325905
1744274065584272086
11259789032871288248
8548290716454100364
8871646611433851431
6919541096122240700
4359393691485166499
2547988098374642474
8569830991918240974
6798041752949381833
7076930419656272880
3068455585141285000
15322859286830726372
18229236595399950674
11210823692449699554
17649374718484073555
12865128898616364334
14959807545724136841
2833550304941513834
12643059266209853635
11708914830515469239
2177776082153284036
6478761666400466523
2699558789041601515
3895875642575337166
10597936425980983615
17674714685766574941
10499994202522703487
6471079220128472175
5082111644626385373
17886177216872067455
3146519497179689079
8621984832155452412
5761825597585007841
14975877246910249050
5449427818591529323
7022858655741344687
6852930358037361330
204662162325607342
11004823265920108727
14757022607652014294
11203153442763595449
14355832238001163476
6275190931649302027
6645892478449053035
8915139312596260824
752291499056892407
15722066629025413027
9861257993196742198
9248755191352006137
2363130392949542616
10822346602134748879
6192373708072561887
4334616271257612658
14012334224709544092
1623871196359391609
5443614581544646687
13757210595691530938
15336932738733089594
3502094066356538033
3077758942109727277
18147374477800117237
8010545077135166250
4127599172735712536
8419776303592205480
12385514631261819301
9745590010982009366
16080522092196119794
8891147821847194427
9140041303268484993
17500687805034136276
10892037781617375084
14147860182115643300
8381699287823136183
10475258707383525310
3489105181702897078
14490617594910575187
15782931160364858593
5246384473241926699
3937930811852891920
7124023214479419656
11471957960298855777
2281038216790656737
4706659181160928579
16333916195917376121
10268133569145334163
14393151462721718808
3758300565854559394
8383955894178986597
4390817835721794550
18371104957122583851
9370715000286785742
9776652275913471727
6101346677991661529
8042901596954575081
17099965328576216308
4314545808654023891
17499942707938484130
12788599132514217133
9924217855859595277
9962356675012968467
15131603777960047639
3879107737442444167
16664152360796806898
11427383275845264229
4065597480837103416
632375066103096532
6335575066019873133
15860501691052735453
2164607992502416248
2957408639074022100
8050178562390841286
4762279941460321628
18184786501344789193
8566053155748468073
12947220495633726135
17856055329002991522
17944705860426464683
13019492754999614716
12473836728146523677
12596497522246109025
2157821566547299388
6025134625561729569
664002157822375949
15784437312048506543
12291307383493957529
3306323584515155839
3769446958186879876
413912900716094731
542316346470250999
8811973406247286702
12874502002490605510
6528720602929274442
16887668145010021298
17132099389232966619
6294265029516131095
2186160486895615444
14310172453087039069
10042478201743556434
4505224819061336110
11779891378751431162
17274480575500159354
564863860411068803
16634833575654842000
13925679644923604196
14296614014900139141
1359588797978582460
1280139780499190884
6251926034292766942
10809244637450917187
15346318574519031042
10054418189352463037
6770339403984230455
2580818227233181359
14467930884062711267
3457706626182426426
18013635751878411324
7061020209911133587
18377575697764582224
15078534126705546236
5876015776766959515
1918473517020704223
3822587392461368575
539381242760427440
9868606092169858626
374078578877692787
2577181232376076870
13219803603699018958
3326305251992111335
10184189604428960303
5124134605521003500
6541176024614224108
13150409919438774205
12889959050493025158
13839153638174176783
399970607858941560
17278592648831079471
12040112736736229808
774131557235724037
16254543983714902299
10422988945942819048
2429108945197092732
18409179507924065772
15105838846845139650
11531252071032729441
11677576540407881209
4926486320489003205
2317139187405464402
16504788890722673357
15660289663441586139
18061778054622873982
1594189169891798387
13587591303143030864
3767767693037191015
14378231238000147385
9786533354373444762
16344681058780226163
2878902353937703689
5185670255474755149
9295274617263904842
18234661991953761268
8811939125799016310
15872997702862359449
2581202029740525868
14555824963812488931
18250897938240102059
166085303009068486
15004322833864687930
10040409811369041399
13746950022562863205
5617721293204618981
9407026271178654443
4119705014064543017
15040182743779400894
1811920427528556138
3627838288315401169
17213212938641694828
17655641314878296251
4964747377239573366
9153370459301801296
14535948145261669171
7044457465684028257
13215985594347585400
11183175461715400693
3862925200278965586
9724597238528505554
968626725146992790
1744743076186846578
17625605976449633881
7360638419705226394
346166995173548021
10159360033696576775
2222497760403286053
1853746902316983375
9625828974903062542
10318836097803436232
15672178287320611925
10101053985760320528
3113016543299063526
6490535747310759129
4922626341817703139
10177806522790389874
12819180336227793643
3854562540257143920
9700542053287284027
5697635104101258709
8156674131589836594
229645159288598339
8465593663228759439
1748595040121282166
6341035819095012873
10739456666262957486
2884208226846508120
5811154145179853297
5764671710060159719
15110695574928332544
571824458043890656
7825003515697544857
10595045977309637322
17772854916583710988
17934934490512616797
378520682882354812
14819325051393641738
13420181867010828926
732712956336948201
1991893219973151206
3123614107543584953
17300287973011315146
4716106681383773395
11177320121147774561
3287624061444526484
12166031218217613493
13952501794234057850
4168688882535786447
15064491275937592583
18378554229687586283
9713659417610558366
1652454907613920200
6750749218077116735
4656789355867681437
2373034493714299292
14228828049781226286
15536221287670672558
16800494370488179371
856935204689011773
7456915513957662299
2971242863065495891
4944575723029669861
1848981956435850805
4005887903366507051
15073303799610023958
12695274118994950130
2205115566939208296
4315582738911834659
2182000064180516803
8703103014958814938
15601374440396879877
15013647370529494678
11506903231132230535
14989864083156637627
12057366829801529453
11035711964947643876
69711430783249696
18060419431285441150
14619152471608493157
3073138626294678051
5341544653554419184
5665256846997806911
5611261130837276192
16177927760886227498
4209018239243325407
2705948121587045324
12562082177688295133
16104717629380141704
15932926855103309608
7195032302362541243
18238313496480182679
18014808106065939212
6369921952973930159
12723498212502360740
411163959281795685
3138553518990081595
4569129356838972693
13540938861486645665
3442210669650921504
6062650677518892955
17265655959411422325
4067435400989175261
9155813389928633895
3801797287202526444
14752821482722543851
9183138624388438294
785144879994539408
17836090061407772424
12362935530965946532
14712316325398219183
1512569384205816609
15809103371440930127
12790673474099865960
827071324625810585
18289376366455052585
18383352948622642447
1272146782414587064
14401940511560073786
9827558764869213861
12830673241142651117
4362870970938825211
16188074747079699
17935519931771093812
17101078295698616633
13964218474544582869
7781317529734661626
6291278334274593297
14397035121813682742
7820260062428845279
10192429023865852843
8774789290484548443
785404019021567550
13495943458424813739
10961133410832228957
14220903375337504191
17537559451030651275
924343527769289766
9077125479869176954
4282068885391562918
17876027911877007313
17917853482313608608
4768454617068292549
7932701514900815824
11869597690507336432
11800034777418886442
4609143861934872831
11731889374491327459
13426672358402542436
17751851947936179185
12258100539756167761
11776822582325611364
1123015085408419078
15233071034271364795
12313368790846085679
15586347763300732008
9499070630256812955
8047463753872791824
8863743843252030006
941121204311415099
13903798797943009426
6697792272972853070
8743266546755952878
8792839301525107260
10918082436191979240
4481913301062999463
9059212609422353980
8239513061411394549
13582485770566917346
11059643774434579447
15796762716555574975
17694144621498654325
16034001259065756596
987676953423203078
17152183988259104730
5715301419130325438
2093291127388210561
11577042822509426243
12760507020447969325
15983204883601850088
6814963973146248003
11231272730147897963
6778988873216111279
13501723173516274396
17679906239641798293
6857546236305054323
2104710315730318511
14704914930182748443
6663694233334758291
18423867473064112277
10968158037359484388
13644752816232423163
3142297409128748310
11217600114021817244
8897645776085733805
12841544401755648397
1187508687923543097
17993734820689842434
12303840352994638084
4808615385937828597
2740686163440087277
15395788724715386575
15972065502769275599
10651663816240262940
3449463670329597491
10877591926568337918
10016472805381712758
2301715743961258633
3700673478693090336
17908537781487454561
147087101363090136
10904643886608499902
13543008206840133680
16620045151187604207
17713940168294284834
8049690735102226204
8619388181032730066
11951264886609438763
8664694423109885674
14915049957811105164
2158759643917977545
17623067243304677848
5612387599329648786
1777385433833106452
3081899612040013886
2003372287441370947
17921178632295346414
7268728657917187233
2595099967095528441
4129646322001157416
6565389446559394877
3511100156238028109
1591303218379550228
11414468010634007129
9208441853760856741
18328385947510081841
274326062475186049
10681557335551361887
723633912583118193
14985891984583844279
14192707058957038705
11986798632732836639
9899994127610898386
7280011879480498001
5341037067169475011
6883822364574952385
14371406273513130043
10792711363061550756
5696824694971909045
1721747599094507385
3156623329548358732
2917168426231140309
16350367743203610529
5543948506579216284
3145321180593190327
12356560913726613900
12474958846012864459
6045992385190411960
9460953230000324271
4374941079184651112
8898376766156197841
6766697340143964603
13562983350532479195
13747533692972966723
15809249243083825970
10666225057428252428
7185258765195289151
13549627972685920893
5972946358743640120
13590521714469760395
15943202776364523057
10650805716246659381
11804224284512812401
565237261765875751
12991683806961512140
15513422197517454140
2483806550563373327
15225568107172522863
12081944592931625434
13227044054554237078
794977158011120916
11883045560388535972
5725904228678353335
7288242433936522059
5458273294462662262
12222252821215893077
14388989793871113332
2187433535025658351
6039695785468317946
6259142570005969382
16025419741906639605
15540573783124160792
11573775961080321243
12521553979062875252
7458103714788554873
14156249956787042774
9769728212024538365
17121127188813133545
17336861582983230522
7670890534063401582
6203173963092804452
7269793338435277991
6678831181598936972
8521712029602786503
9508021771656502529
18017657979753291677
9401029171937474047
12187368368716208842
14758233881307856008
2998549393116024558
16035070642451294064
17029992677960711268
18208003876233092791
5961861914415693440
6478221945798935273
17119008923915147046
17333052372772217532
1061278581754642483
14189924143807951400
16523004294189265757
667584746601425162
10549226471264040005
18346389024573117271
931180371681342972
9742367335665668436
15540679290032315794
7275843761626990801
511916028941157391
17354751642659537134
12340929214426349902
6500143814519742030
1491798271868730140
17209618728973087877
16192067571416635715
628368239481759555
1626678224276610831
16981184882457434382
10424796193256010916
8256322127123026357
10319735409013707694
16138680104861926964
8439206931164398738
8614006117784170869
4158101395272215528
3542892641763105174
977233426947961126
16875577656176688829
3085917397793495983
9072546762379271047
5386280018954947460
17845393984003935050
15706827831241101941
17399803543474951501
14090906251866948086
16243682291728864383
17248352512802830670
9100912141427322639
3386947157719848769
10087376960701922004
1627774429468819915
10557596773516620491
3328255234767798655
12941574126722266803
11076198200123588507
16593530144102703974
9998932088585946478
4019332822865724787
8211297582515053151
4148007493182185011
7122937855424188899
16601082921249841323
18007195076124412591
16720402152494424129
181174610929632567
9748390522084353630
14027841518028306487
14090417319374587300
5350041502246712052
2286228408645794950
8970956805171778331
4442009689346614438
2439155060143218123
9020554091515255384
2575944831395832377
8621162816920208057
13578783847919799500
3754544266163413046
14669363889894600560
18292960052717836255
7454148783455239856
15993684759185333585
15116846860749134965
9925140030324432977
14933711830580561256
5473765990774137754
5581463463033628356
5903374888628925608
10332695393827530172
4665753479502201126
16640134960102634334
5578092132212481430
7652384879555308543
4403616414440135098
12972869890518812271
9961309437232208052
6238963794505603731
11217824925159318856
17133221918498186789
5950918314710724658
14229393460062593274
1295058219256809971
10453866063134664629
16112044435592414166
12580698764585278525
4082704410378107864
12839262617587669713
18324375024212897912
17012086328852997676
5739723029527501872
2128415484702169775
3479949850389966559
10039070836207973261
14184997145794082293
518321903891873344
6023836433136399754
6806608445063911226
5637933610645302798
10641154903410658905
6969592071428578201
9132379761892487125
5714466470636347071
14478810359542834279
8837158591604160081
16032522816822404946
18202622413591304244
2611404742075205467
7479358082119300017
644789519032471809
1638026542462666705
2403663932033964370
14767118909501241847
10433470670942808876
1904262903969575230
6572933407572956976
14967473189305954817
1372937753810546186
11762774547150882239
9628503517658701089
15280686772068416861
1754822974310235390
1406652978233692593
9919992696421780679
8161085728005432957
15973588128140090027
11805785512611075489
10887447823142844211
13555752393194903303
435160031497512993
8848276908645377921
1203319312484342398
4619167751650041199
14907944841398878899
16870449463489643935
15679232956615474592
11634005377130505099
13584683102984443663
1909326096290446589
10986685853847789537
5130661864532113051
9751556784198824625
12629268190977906045
7198947936676593976
5280936381496765623
10772632018249219689
13768647324147868250
9469014034058460536
6240179993514998640
6412015362527083898
3497429844275533405
3529172955615405636
11202971682899658678
11459625553511123729
12439363603620318252
6329724846230771184
6502085228360259966
4173538525650197309
6905533772859203220
6847411961848957422
13297175118683705354
1104776614757765474
10870501439529101093
621534473280100023
14160188467735908971
12797150436388465947
8644974148944927073
18099402326493031861
16946339458685373567
6787152774655901581
9635146411319052731
14485504877580111821
15255492441159999412
10436257523149039910
18058440796950843681
2968246697675968991
3074462606880856284
4691319803495618737
10025631576298946615
17091864776243960187
11536927939215062624
870553129705383491
14894234592077890641
12729467761962142052
1975466738508830942
17692070460972050328
12657761908076338099
1638715848363416135
4014407512933258461
1411308762973427589
16186456712476068698
4033868130215892599
1338440072986332594
6098666205120008031
6353709466196066558
16576398157889538205
9082400270618080691
560967059691773237
3138607604506087337
16988246161469978341
16083085657917867195
17786714252415170473
9704444442478803215
315094722899326968
12448357931870641275
13380955822885935179
9540900959430833252
8197348983573801946
13584972732509488107
126247966781874982
15700658072226659573
11582326126982770659
13451000153559035346
16087648482330576507
13237804182324975177
6930361167657140250
8722537120212358164
2558264323545737917
9520197656802487367
13829263738867516056
656383149112481860
11991560329753142863
13029023843585728287
2380873496659944829
7915645844149898243
8120946023360578411
9193947014568705330
16899297145728373991
17076517703785498558
15936114431741896542
15303098900905580999
9283529361148984984
17468202537055670982
8319045127024104018
264287883992081142
12560764061852502466
2402683291302751754
6717067986559528830
3201348908198277681
7776169948369704903
5229046828656440070
14120609312489158249
9159743294227313913
15516222309200397236
5514449464609160752
1917101199378883591
9004352581535605070
4402983403363366756
6519974352037306630
15560077747208137929
12896128654395056583
13601316081203056511
11110793000397825743
15988381489810683718
18114186297999444009
12467687950748346349
14348194936750496559
896451034657452003
6832442217558488709
12049696062557862601
18147718629362621762
12650250635851776462
3158984172397719390
15005807224077108643
738123304918384434
7898055945868651273
6606677203476575292
5518545366189174420
16568244288415541297
2502263737143570287
11392872273469259215
13704803998148643189
17256156921861208466
2313075547176571684
9144081849853729082
16517344697550924175
16012491821811919772
17844623132483987741
13109445139530724209
17429837958921048465
7517869687517051958
4567178064373853694
5914531893750756925
3736288480887806159
16306773861499630554
16962802236108908200
8256748326557130914
8580734268694514586
5693020125166538313
18224649405849106722
13132454190338182415
10417520785434234126
3539858007442029431
2364165490734934690
4493462939677719072
6901059441540732710
7037685664030450414
14948764032267017366
16481126288624514553
754329585590408095
13411149904862675615
14608885199194773369
5901797986741146488
13157508346506211505
8297322319862414039
16478898053832736230
15481166250369088666
15255097166949992643
12708344336277051189
6458908240279424868
15896795143867720292
14921757925697133370
3606129446932883626
15688874808068433452
7125715042800241557
921214389219823344
6832227211005446309
14597000605876931945
2307602055527889946
4478514188577202974
7033206085274790593
1949806332049329379
14155354878951858580
9054591516711953794
5567233080685142524
16224492482423583644
10546257442511169643
10340229559658958789
860953971055222153
5516746722116326272
14684226273177924242
10223268784148183514
8114973307284769699
4048122872937139091
2960815157986344300
7790388805292949700
17856021701557567636
6767666463640089677
6023225556873438496
890579625446114931
6528480652953932632
12808471325907461342
3289450816931131058
142241706430226808
17853269398986289335
10080714554812841720
4552563825866306138
2482523519661017222
2822430187730323382
7808365637035043899
5754864546715932363
17975070654239933864
8966002531859169017
12950734080791930157
7522202903583010528
1883195246953303503
11718227427805582606
6978140233604618651
2877041030685402129
16933798593354465454
18067016650304847055
3371013340314854509
16773234651106351074
2085366961590354610
13748519254532918569
8773978357380373557
18304162181945634524
6776967748209543640
14138194062891332801
412252769111951055
15440592808056465143
10159135170806377169
10671931767357353763
10048914387080060391
8722771617391566196
17684720829338027741
18342153154246754235
14122579389884366894
15435691064966340917
8023062021223688561
15678652288400378643
13178016057448908607
15984092529053229488
5348339224921701460
10799596787472177098
11524400811934123828
3422309256892230090
8611902773357781190
2711345491147874199
4319880034113911685
18026180724394342892
15391552603980164942
11740769218671391820
13870738791938685521
607696431550390538
16734260556971382016
5451335620458145074
14842313655633134289
2231779102539179685
9024233631804169531
6225790316529765561
10599473434563654566
14396203829806922148
4441587462459542994
16364264378267615982
273960097881218930
2060170377108980612
4021091783109290940
7792976533715913463
7488644270344195046
551066304942174099
3025706032261363165
16639159243488426648
17631444369830367019
7684439522665099742
2495808856707396623
16369918865121793368
17434931543002965034
4246229531299695071
9755187997933090917
12097161166598496894
15428162169095687689
6481848328644681140
17601634672978785192
2949551666318197113
4249734452559440410
1202107015833816412
8905285256962774390
10294127344286620012
2638169719670228982
14459597143337557877
12276207571290189258
17684156835456364349
16973308441239254150
6142085694158396521
2618224948188002985
12661347553689332642
13087795996790989365